336 251 751 269 755 68 756 1 212 198 2 219 10 202 108 20 136 160 221 190 217 220 23 773 227 385 415 759 787
763 1 20 675 200 146 48 297 438 138 236 5 238 121 42 239 23 711 17 460 387 127 2 206 682 155 235 240 49 449 234 98 380 21 545 3 139 215 160 126 692 517 242 102 141 167 186 78 15 535 529 725 516 73 199 508 8 538 89 451 204 414 189 355 617 532 119 801 536 537 553 579 606 459 640 645 791 661 662 663 694 396 738 742 746 762 771 775 776 646
238 1 206 42 284 48 191 237 383 102 149 240 36 236 4 70 21 7 151 190 215 104 118 28 165 69 221 207 257 565 
410 395 397 413 446 124 488 576 588
445 138 582 121 283 20 387 692 117 155 1 146 56 42 62 206 443 98 50 2 122 69 160 268 53 714 49 287 102 7 78 232 215 208 151 88 139 230 33 3 386 103 141 225 26 105 5 13 8 63 297 11 172 101 79 15 100 189 749 24 158 110 547 669 131 274 266 113 556 570 16
609 362 289 291 17 290 140 1 4
611 443
621 301 283 273 67 253 325 17 314 91 158 297 10 15 311 689 278 543 200 76 277 257 121 23 157 282 680 173 636 56 125 211 1 597 252 341 43 161 98 133 78 285 215 57 139 602 670 238 88 75 33 721 146 13 206 79 236 20 494 49 523 642 477 286 38 785 218 208 102 209 398 554 44 71 127 674 128 380 90 269 28 647 639 377 334 235 714 117 69 461 68 50 85 410 26 210 221 274 234 404 268 25 80 168 535 653 673 525 637 578 572 265 745 750 275 261 764 784 801
388 683 681 340 482 308 346 686 298 418 737 281 753 394 425 361 393 163 66 568 734 271 351 289 317 288 616 687 305 399 259 280 200 159 218 345 329 417 279 249 406 56 471 246 766 774 228 284 524 297 42 407 362 391 247 146 294 276 490 360 286 679 295 463 401 380 320 359 315 505 266 274 341 269 253 484 162 411 139 544 239 389 20 158 777 128 23 415 400 465 230 293 769 318 498 270 4 369 676 10 173 240 552 17 422 54 332 358 212 166 251 22 155 543 140 324 373 224 353 31 208 44 57 50 604 375 587 729 503 727 409 363 336 327 133 460 783 421 658 562 731 684 231 444 549 542 261 309 379 354 760 459 214 447 348 382 282 370 408 402 387 272 501 475 377 652 302 551 323 530 480 378 356 321 471 397 310 368 486 313 331 448 451 374 326 257 689 581 583 469 541 531 638 643 644 651 522 656 657 485 659 665 667 668 494 521 483 545 357 685 533 481 527 719 330 726 526 520 732 560 316 739 514 748 747 314 756 758 487 765 312 768 535 506 493 778 779 782 569 788 789 790 792 780 800 802 803 808 809
339 244 364 170 716 243 256 156 366 245 254 698 53 205 297 50 605 655 74 149 68 730 102 152 464 56 277 150 1 187 236 34 311 33 671 46 76 104 127 101 238 57 647 103 198 23 367 21 47 173 515 633
632 443 
138 348 206 419 273 171 445 88 186 54 1 200 236 53 21 235 103 218 13 297 116 722 151 73 117 2 268 141 48 146 121 75 20 8 24 238 33 5 168 4 208 153 98 212 232 23 173 160 285 237 642 102 174 26 191 25 56 106 94 215 189 71 15 165 46 204 124 443 270 387 28 567 101 91 300 125 79 258 114 162 112 55 33 513 365 591 631 794 651 650 654 672 47 213 772 452
146 220 217 136 219 303 325 539 
270 36 314 161 96 39 127 151 269 206 146 140 155 377 37 312 40 403 402 289 44 253 76 439 527 635 443
573 699 139
433 608 585 580 296 468 586 341 269 355 251 12 20 146 218 161 202 42 208 149 10 140 60 56 235 43 118 206 23 44 378 407 323 380 
599 564 56 692 49 347 218 207 127 14 1 380 3 206 126 242 151 394 381 443 784
380 636 262 291 36 699 254 297 146 139 49 432 692 17 22 249 450 54 133 648 10 208 290 13 186 535 23 37 140 39 207 138 1 230 33 91 78 76 337 242 161 206 24 202 155 121 125 735 733 373 516 104 8 266 690 171
492 1260 1247 1232 1221 1219 1207 1200 1189 1185 1184 1175 1170 1154 1137 1123 1122 1108 1103 1104 1089 1078 1051 1037 1038 1160 1028 1022 1021 1019 1009 1008 1002 994 993 988 987 980 979 977 509 968 965 961 958 938 937 933 931 917 905 897 876 872 867 844 832 707 812 804 706 705 791 788 784 783 704 775 701 700 771 590 589 559 763 762 430 429 746 709 738 733 728 725 724 717 695 693 692 690 687 686 682 671 669 662 661 657 655 654 653 647 646 645 637 636 617 606 572 563 553 543 542 538 537 535 532 530 520 517 516 515 513 508 507 501 500 485 476 461 459 451 450 449 448 445 442 438 437 415 414 404 401 396 389 387 380 371 355 344 342 338 337 328 326 297 283 268 260 258 257 242 240 239 238 237 236 235 234 232 231 230 226 225 222 216 215 212 211 210 208 206 204 203 201 200 199 198 191 190 189 179 173 171 169 168 167 166 160 155 151 148 147 146 145 144 142 141 139 138 137 136 130 129 128 127 126 125 124 121 119 117 116 114 113 112 111 110 109 108 107 106 105 104 103 102 101 100 99 98 96 95 94 91 89 88 83 82 79 78 77 73 70 69 67 66 64 63 62 61 58 56 54 53 50 49 48 47 46 42 40 39 38 37 36 35 29 28 27 26 25 24 23 22 21 20 19 17 16 15 14 13 12 9 8 7 6 5 3 2 1 60 581 1114 1271 1272 1273 1275 402 1261 31 135 1293 1291 1290 172 962 153 33 1116 1115 1281 221 557 75 766 1295 143 767 622 72 217 202 279 384 412 287 322 295 118 394 796 349 1047 989 397 477 504 441 496 739 1195 668 81 350 347 1299 1302 1300 1304 1305 1306 55 1252 1268 1267 593 946 1024 611 468 345 383 551 819 696 884 290 205 703 1310 303 1309 541 680 434 506 409 374 122 219 1266 1046 299 748 521 605 674 665 747 599 227 162 34 443 447 1025 1313 1317 1318 1315 120 377 416 1324 1325 1323 474 1331 1329 1332 152 1071 874 621 794 1287 278 213 1341 220 1344 1342 670 560 825 896 973 969 1094 1004 1249 953 273 1343 1345 540 912 528 1346 1347 1351 378 207 57 43 745 785 11 41 32 10 44 1362 1361 1360 1356 133 494 1365 1367 1363 421 1032 1370 1372 1373 367 392 292 1374 453 263 405 463 836 1018 492 482 628 561 598 633
466 1260 1247 1232 1221 1219 1207 1200 1189 1185 1184 1175 1170 1154 1137 1123 1122 1108 1103 1104 1089 1078 1051 1037 1038 1160 1028 1022 1021 1019 1009 1008 1002 994 993 988 987 980 979 977 509 968 965 961 958 938 937 933 931 917 905 897 876 872 867 844 832 707 812 804 706 705 791 788 784 783 704 775 701 700 771 590 589 559 763 762 430 429 746 709 738 733 728 725 724 717 695 693 692 690 687 686 682 671 669 662 661 657 655 654 653 647 646 645 637 636 617 606 572 563 553 543 542 538 537 535 532 530 520 517 516 515 513 508 507 501 500 485 476 461 459 451 450 449 448 445 442 438 437 415 414 404 401 396 389 387 380 371 355 344 342 338 337 328 326 297 283 268 260 258 257 242 240 239 238 237 236 235 234 232 231 230 226 225 222 216 215 212 211 210 208 206 204 203 201 200 199 198 191 190 189 179 173 171 169 168 167 166 160 155 151 148 147 146 145 144 142 141 139 138 137 136 130 129 128 127 126 125 124 121 119 117 116 114 113 112 111 110 109 108 107 106 105 104 103 102 101 100 99 98 96 95 94 91 89 88 83 82 79 78 77 73 70 69 67 66 64 63 62 61 58 56 54 53 50 49 48 47 46 42 40 39 38 37 36 35 29 28 27 26 25 24 23 22 21 20 19 17 16 15 14 13 12 9 8 7 6 5 3 2 1 60 581 1114 1271 1272 1273 1275 402 1261 31 135 1293 1291 1290 172 962 153 33 1116 1115 1281 221 557 75 766 1295 143 767 622 72 217 202 279 384 412 287 322 295 118 394 796 349 1047 989 397 477 504 441 496 739 1195 668 81 350 347 1299 1302 1300 1304 1305 1306 55 1252 1268 1267 593 946 1024 611 468 345 383 551 819 696 884 290 205 703 1310 303 1309 541 680 434 506 409 374 122 219 1266 1046 299 748 521 605 674 665 747 599 227 162 34 443 447 1025 1313 1317 1318 1315 120 377 416 1324 1325 1323 474 1331 1329 1332 152 1071 874 621 794 1287 278 213 1341 220 1344 1342 670 560 825 896 973 969 1094 1004 1249 953 273 1343 1345 540 912 528 1346 1347 1351 378 207 57 43 745 785 11 41 32 10 44 1362 1361 1360 1356
473 1260 1247 1232 1221 1219 1207 1200 1189 1185 1184 1175 1170 1154 1137 1123 1122 1108 1103 1104 1089 1078 1051 1037 1038 1160 1028 1022 1021 1019 1009 1008 1002 994 993 988 987 980 979 977 509 968 965 961 958 938 937 933 931 917 905 897 876 872 867 844 832 707 812 804 706 705 791 788 784 783 704 775 701 700 771 590 589 559 763 762 430 429 746 709 738 733 728 725 724 717 695 693 692 690 687 686 682 671 669 662 661 657 655 654 653 647 646 645 637 636 617 606 572 563 553 543 542 538 537 535 532 530 520 517 516 515 513 508 507 501 500 485 476 461 459 451 450 449 448 445 442 438 437 415 414 404 401 396 389 387 380 371 355 344 342 338 337 328 326 297 283 268 260 258 257 242 240 239 238 237 236 235 234 232 231 230 226 225 222 216 215 212 211 210 208 206 204 203 201 200 199 198 191 190 189 179 173 171 169 168 167 166 160 155 151 148 147 146 145 144 142 141 139 138 137 136 130 129 128 127 126 125 124 121 119 117 116 114 113 112 111 110 109 108 107 106 105 104 103 102 101 100 99 98 96 95 94 91 89 88 83 82 79 78 77 73 70 69 67 66 64 63 62 61 58 56 54 53 50 49 48 47 46 42 40 39 38 37 36 35 29 28 27 26 25 24 23 22 21 20 19 17 16 15 14 13 12 9 8 7 6 5 3 2 1 60 581 1114 1271 1272 1273 1275 402 1261 31 135 1293 1291 1290 172 962 153 33 1116 1115 1281 221 557 75 766 1295 143 767 622 72 217 202 279 384 412 287 322 295 118 394 796 349 1047 989 397 477 504 441 496 739 1195 668 81 350 347 1299 1302 1300 1304 1305 1306 55 1252 1268 1267 593 946 1024 611 468 345 383 551 819 696 884 290 205 703 1310 303 1309 541 680 434 506 409 374 122 219 1266 1046 299 748 521 605 674 665 747 599 227 162 34 443 447 1025 1313 1317 1318 1315 120 377 416 1324 1325 1323 474 1331 1329 1332 152 1071 874 621 794 1287 278 213 1341 220 1344 1342 670 560 825 896 973 969 1094 1004 1249 953 273 1343 1345 540 912 528 1346 1347 1351 378 207 57 43 745 785 11 41 32 10 44 1362 1361 1360 1356 133 494 1365 1367 1363 421 1032
296 771 1108 709 1365 1342 1281 938 1295 1313 461 804 617 1221 657 561 104 832 728 590 589 1021 136 1290 1266 344 905 700 1351 557 1252 509 1323 559 961 1299 226 852 977 1304 1309 942 206 933 500 476 811 944 463 412 496 237 922 13 349 897 929 883 108 821 1207 169 876 965 1051 122 682 575 766 806 283 669 872 1002 637 893 908 258 217 292 242 566 999 1047 21 1122 171 867 762 1025 100 784 167 1160 1030 1237 1022 1356 521 1337 824 485 884 1078 693 706 389 1200 448 107 118 705 121 985 868 1046 1114 1185 9 27 268 1217 383 387 538 690 202 812 520 257 119 70 350 371 1 53 748 788 696 892 653 1009 235 447 530 404 101 191 606 888 1103 917 232 896 409 1189 453 83 26 976 1089 697 38 455 733 1013 506 392 1260 492 67 1287 1170 599 953 35 110 66 661 401 1029 598 704 543 1137 415 783 937 1331 225 541 563 231 155 198 1317 437 860 717 551 112 504 746 345 703 1184 20 796 1071 141 993 303 628 263 405 326 299 88 830 1332 594 720 836 342 374 1005 205 160 482 367 674 572 172 997 111 844 459 1275 234 14 203 744 501 219 1175 28 443 671 1042 441 994 125 190 724 1010 1018 1154 290 645 69 819 58 643 925 434 1128 189 747 849 989 278 1232 1360 507 168 204 680 475 7 970 687 1033 840 414 633 532 605 1037 581 686 949 941 1346 874 914 859 665